548.707690
314.200050
522.074070
475.447600
563.119560
503.583020
453.697690
192.539300
670.072260
755.157990
445.117900
539.673650
521.397780
475.952590
522.714280
585.366600
573.676910
444.435000
564.990060
503.949660
550.246290
550.524880
580.303090
721.947100
478.391210
663.171360
525.650620
612.762070
499.909500
291.502790
583.070920
597.584300
243.839240
525.059800
517.452450
721.942950
601.829800
491.935220
244.784290
283.416660
641.330050
591.908650
397.725930
304.657950
267.316880
663.257130
493.887160
560.237900
547.864320
501.611990
458.642270
662.535390
345.820640
689.445570
675.061000
637.666620
602.469430
435.118750
540.359320
554.734670
349.733300
553.804960
501.393480
496.492150
490.952790
271.574330
600.038030
177.029490
207.910120
526.363570
507.642670
483.194910
517.645030
546.837010
167.131490
524.013570
462.710420
485.449690
565.323170
692.522210
226.727980
561.992410
437.676950
588.311950
593.063060
603.693160
525.653010
546.692030
510.063790
450.198470
422.167560
484.152880
344.139920
526.064500
568.263870
553.671510
188.502010
625.101830
513.386160
518.501680
541.058320
485.788540
567.637130
626.774600
567.343420
630.076450
487.136570
576.437100
458.565940
510.886390
209.058750
601.069030
168.480720
507.819850
513.611280
412.407990
498.446500
479.465940
536.683420
297.257290
533.303220
608.304350
546.079790
736.504790
476.297840
237.414140
707.802760
728.362720
581.862800
533.311900
527.707820
464.719690
503.484880
307.965140
645.295450
733.378740
440.660290
704.676520
458.862100
549.572850
755.885210
694.079200
622.301530
726.795240
719.428810
524.475340
461.804320
782.197200
299.309040
446.736120
564.318780
690.915790
507.912560
531.166880
556.252130
577.866720
559.537070
234.622460
574.235970
244.184570
456.710560
433.371860
650.912720
294.980310
214.715120
511.537910
397.333140
580.165510
634.253640
387.657330
456.177140
660.736000
567.006370
514.571600
439.840630
575.228120
496.120190
740.660420
523.336710
490.111920
437.788860
394.846680
451.697780
431.356350
626.382010
468.322880
504.662240
681.063330
737.063020
590.710850
593.497580
527.982720
513.721720
604.430680
632.787570
593.990720
312.443040
692.627250
522.700260
562.534640
496.908480
510.723830
344.271010
405.790420
674.925170
442.728510
307.587240
561.490870
513.711820
597.418810
529.006210
519.770070
240.443170
670.627630
505.765420
554.289540
206.791850
550.969220
368.240210
647.081990
495.080230
555.266780
586.436140
474.183440
636.885970
463.456820
531.299950
783.496180
458.164010
534.268940
615.125850
611.326070
342.645760
512.214580
519.734760
436.967040
309.371110
483.062250
622.688030
367.593590
497.778810
505.045070
430.981080
638.390720
573.901020
480.936690
471.744790
325.983690
413.778660
594.271040
560.866480
549.320220
654.699920
565.735580
600.003570
714.508500
242.871740
482.868510
547.655920
489.006630
325.916860
575.987460
491.563840
533.304730
451.343190
564.117040
600.880570
561.467450
495.482520
520.668100
267.620960
489.215150
549.385650
501.275760
456.868420
555.260310
484.786900
480.480160
627.228330
391.379560
422.341050
505.389110
618.765130
521.706880
571.599160
424.578640
570.594020
577.130000
569.209210
345.313140
551.311040
456.830430
209.428170
632.688450
261.150400
612.886390
368.344780
242.386830
620.484110
556.277240
563.556840
516.067280
323.427790
572.250810
180.519730
579.299950
459.980520
570.914440
481.971170
584.399140
480.799890
529.228220
192.236810
615.259540
567.466510
551.860220
524.970450
554.101760
526.595750
541.789390
750.672730
547.773440
539.249420
538.488320
547.883630
504.923000
528.139580
625.986100
496.547570
610.736860
557.961000
301.393590
598.138170
484.397900
424.722060
532.531610
192.382500
478.426050
569.274530
530.610520
394.372570
665.977340
455.280050
405.781910
410.707230
508.132500
173.139330
477.050630
185.029190
420.362400
172.088980
527.624040
557.480500
397.469100
503.414930
498.070470
508.215700
539.640330
663.786800
612.473070
579.385290
597.790030
703.219760
319.523530
564.299760
443.687630
573.402540
256.369260
220.653780
583.830220
597.873160
540.715710
481.644540
455.395980
540.891910
470.279230
513.397720
538.678150
590.939370
170.090230
393.409180
591.111880
410.402050
654.672740
503.538340
656.586190
259.235040
735.233480
621.365430
550.238510
507.873970
552.296870
671.749900
491.026480
489.276060
546.090790
249.076330
517.063120
525.567190
260.190040
517.933020
229.451370
410.936660
647.901530
565.960330
283.204440
532.122490
510.425320
371.130840
255.490570
205.887810
559.158170
603.855830
448.203270
502.062720
582.338140
244.570080
398.648410
444.439720
539.047880
635.184670
361.091130
586.590280
665.454030
527.588060
522.771100
413.488610
568.620160
358.696520
483.405080
668.184420
313.922700
547.061150
505.467690
561.919060
559.919880
559.935480
469.565720
579.090530
545.289810
621.077320
328.959440
488.514000
571.591910
686.864900
533.138610
535.003080
582.333250
446.801450
585.514650
504.758640
538.646900
413.410360
293.744170
596.622260
561.661370
431.181450
467.089790
242.724590
496.951960
505.244070
624.406680
758.095660
527.015370
287.650650
411.317670
482.689610
404.937790
494.113930
523.834210
510.555860
559.896150
152.792350
590.457580
500.462420
517.148090
486.567510
547.038450
569.348760
522.969800
568.511410
549.604030
468.802040
591.804570
497.592730
438.316820
592.778490
491.285480
589.022330
487.723470
753.454050
413.059900
509.708720
193.649410
603.067070
665.749400
267.611200
370.300900
690.915480
204.899090
656.489920
564.992000
562.086450
540.547040
570.447500
413.316500
418.975140
211.897910
411.846920
671.508670
584.565350
181.294210
485.553450
329.280140
528.141460
454.014970
358.847180
514.191900
479.421510
481.099360
515.649580
492.296880
453.602260
507.203600
345.975130
634.361130
748.262500
553.552120
618.509150
618.727090
642.565720
509.415380
465.775160
506.454890
360.504040
721.598300
479.558760
573.826480
613.771330
522.699000
201.818810
554.073880
480.842200
509.425700
436.503500
399.162780
625.139090
493.663910
473.122240
769.433930
611.098570
509.351940
304.063350
513.526530
397.206190
537.209230
568.773430
500.616870
521.072020
627.542340
566.786260
646.253130
381.963960
522.323820
496.699060
465.174220
520.111810
535.654490
224.643850
654.915950
528.167140
696.977440
483.197780
390.248520
261.501370
564.967470
346.512890
519.364850
618.968190
558.169470
515.866720
514.423760
464.964630
635.413870
546.138810
511.742270
617.863670
585.464130
245.309090
564.111500
482.597160
514.066570
471.444310
572.568730
683.470680
396.316440
329.329100
547.961630
608.055280
476.076560
194.008660
266.761890
444.140530
550.234710
637.889630
698.669910
762.421040
536.673730
366.513260
331.941370
452.417460
482.218610
538.177050
621.503440
430.077310
512.648850
620.291520
548.562270
534.900990
444.001290
613.327870
523.720420
492.905960
302.662610
316.656750
580.481630
368.518330
585.744810
669.606060
477.042650
590.885880
195.968900
500.454730
223.078950
536.371490
579.551290
603.205040
584.177430
613.618010
540.460920
600.816610
355.196490
323.272250
317.965400
216.872020
238.647300
587.038960
511.646220
432.962210
510.303200
335.956250
591.380840
189.410090
584.667820
660.875300
625.510750
469.104370
522.643340
572.565080
529.451910
244.919460
518.856810
493.662010
522.420650
516.429320
567.919020
550.815130
488.012230
558.669360
602.561870
633.439710
500.003660
584.069220
511.218260
487.273380
398.683290
570.069810
566.061770
554.206980
185.583640
412.644960
435.701850
601.518790
625.964050
318.099680
642.184750
662.965590
504.662520
433.016910
583.468010
472.017610
452.210340
562.555750
660.316630
471.099350
635.647250
521.468400
590.428280
373.731250
581.882180
635.717910
375.546460
329.697090
268.862990
481.328950
598.064770
280.725380
595.070670
609.237890
546.460850
565.235880
640.367120
564.417560
510.338200
564.915820
482.449560
772.438600
673.226440
262.068550
444.961080
207.118050
564.967530
452.963870
470.278920
607.018130
507.387630
706.356440
712.563720
566.364500
480.900930
575.900850
574.437620
575.742430
655.894750
381.375660
368.867140
410.793680
492.817840
565.266670
466.134270
653.158320
452.878610
635.546330
595.480150
630.182620
555.282910
492.689620
483.877240
635.137060
665.532570
561.063630
478.040210
562.100190
583.115200
506.525240
562.443350
552.637230
190.438210
392.832800
725.302130
559.072760
309.844310
612.553420
680.062940
672.367120
425.738660
199.014810
479.022450
559.929000
590.706230
201.971490
533.614080
734.911280
572.690110
663.980060
534.417790
457.729750
401.190310
647.414910
529.338100
252.819230
195.082900
515.995450
596.874910
378.191660
463.359390
491.317940
198.501040
394.637830
530.255990
498.890510
667.826960
250.508500
505.191790
540.075670
580.421820
228.962970
413.914480
280.759960
261.895160
500.601110
575.563970
571.387220
517.854200
410.654400
529.357760
522.526820
510.803690
238.303630
578.136870
641.737510
197.343240
725.336070
471.734890
173.790320
523.141480
411.281160
474.284480
548.370230
503.050470
484.769790
446.443540
482.275270
279.128580
505.097160
278.899550
487.928480
549.216640
518.403870
573.677800
323.427650
484.878250
500.351790
600.011330
505.099300
487.653790
233.115990
167.630980
393.052370
518.104720
201.065820
600.822770
534.529860
490.784610
607.871120
550.875720
313.176620
547.523020
573.948290
567.628750
573.895800
550.670450
553.802750
293.977010
498.242490
449.515150
567.471940
465.945490
506.693470
258.493650
214.596030
449.446250
474.774270
216.214580
198.787390
559.355740
439.049570
260.217120
519.266930
630.582820
563.201150
312.155430
283.511610
517.106690
561.099490
562.693620
426.706780
701.656420
497.280010
588.963600
555.628030
463.009330
557.833320
563.967000
501.490250
501.138610
345.000530
705.223550
487.477590
646.828120
560.974530
564.766180
423.435970
519.524640
472.590740
575.754440
564.735960
487.052550
340.933650
495.641080
214.241410
283.406140
542.485020
673.224500
446.422940
445.135890
458.578180
510.930750
413.060000
488.265950
528.479330
518.357890
195.156320
359.212790
413.039110
668.875200
299.462340
567.389910
561.478100
445.924130
573.326620
477.930420
499.226270
505.810480
503.552920
507.593590
622.951970
247.597480
587.774840
199.113050
584.689090
268.144570
498.796260
287.517770
205.759540
494.849990
543.546750
456.691850
197.544460
531.289460
258.054940
551.049550
519.460890
460.218580
674.122130
556.463510
686.330860
583.402190
523.800380
546.728650
716.935220
540.198810
526.461980
620.231770
709.529210
441.265020
654.415270
412.348220
487.723700
447.555430
557.788260
498.322390
573.142020
478.531280
588.680340
431.540330
550.186450
516.673540
535.526630
706.653880
745.354320
584.960310
548.844680
550.044200
504.199270
459.746970
536.123870
548.249950
493.818400
199.158390
420.303650
626.407260
538.050050
630.061720
472.150380
443.790740
663.685640
373.076860
502.319390
399.333140
602.366650
516.934310
479.827990
560.929480
495.142600
599.878430
274.000300
376.262550
245.206210
584.436970
542.033110
257.120260
516.731470
625.420310
367.302640
567.613630
531.756170
541.846300
504.506150
476.827320
568.163330
431.474500
609.879160
538.429190
489.179010
300.843530
545.250650
587.573590
214.609130
525.205120
532.212570
168.177850
600.102000
352.876820
511.661470
547.542520
497.545210
435.385120
481.189740
459.440750
195.519270
199.207130
497.162370
671.726110
375.743020
609.410780
524.817450
686.823970
601.996720
214.274330
345.132770
405.420000
543.936070
510.270450
487.830040
385.095360
476.409100
517.928470
457.073420
552.853660
351.554590
516.582540
353.676180
567.680550
450.080010
417.802040
598.719770
521.775960
477.193060
502.742080
529.839720
533.499060
477.821440
443.669260
712.997930
497.190760
633.091390
462.592500
549.500600
224.289230
489.595010
569.769030
702.495000
490.971380
505.838190
587.340080
496.113770
522.399950
379.583230
573.033030
311.675080
486.498540
446.313280
600.615710
540.327990
485.165170
494.835600
494.482200
511.311320
484.977800
589.670310
512.274790
322.795040
451.260760
673.078510
554.938740
629.561800
418.396890
228.951140
485.945090
486.831720
623.472030
494.365530
568.303200
334.908450
491.856710
729.041040
661.135110
406.603850
680.097330
501.275230
464.180810
185.376050
611.194170
517.761100
676.601320
617.453780
565.539480
567.116560
550.973930
329.439010
329.842310
316.768130
729.075050
539.851770
559.352610
279.604420
576.940500
248.872400
544.500380
615.403200
237.277560
450.092900
374.156550
502.958970
504.592930
509.190630
296.034590
652.185440
488.313130
552.676050
338.999980
529.019820
485.880350
600.425240
480.529960
573.339230
419.924610
487.211950
190.659520
509.754110
601.704720
566.105920
193.446600
486.388060
496.149440
583.881600
604.571470
449.422890
605.626460
321.266810
521.097080
641.667500
327.841820
569.069270
506.949940
491.835240
554.118460
459.572920
805.996480
244.781480
666.248360
419.752670
522.947280
603.645120
548.237360
282.652680
632.971850
624.572010
678.891600
589.872230
617.186910
572.029860
552.630110
465.739510
244.556510
201.865820
556.220130
402.760900
585.237940
626.559510
340.908150
703.123140
561.117230
530.432710
692.852890
497.490480
477.067290
183.510520
495.044900
617.758620
504.483300
652.401050
661.540660
305.908300
435.842200
770.951250
484.448670
484.167750
283.026920
739.582000
567.502710
501.704440
557.281730
559.752320
558.927380
443.961330
465.178330
490.795860
624.757460
531.194210
203.088520
436.310770
209.906500
460.066310
229.619740
438.470430
487.606320
558.487100
202.115290
215.648660
390.568390
648.088360
652.548530
178.352920
522.270350
422.868980
244.311380
584.247390
429.830310
183.931800
479.995870
167.805980
506.611080
533.603600
585.020520
401.461410
412.358260
515.175810
326.137530
493.899690
481.263940
693.875420
548.111310
484.336730
438.963780
383.349230
492.709630
595.674990
181.508060
629.931820
462.987990
491.407860
429.518850
517.046100
538.451250
525.029900
548.011190
647.827690
573.697860
572.629250
489.973850
642.573500
404.591950
468.502800
519.688720
488.702410
656.869570
732.490600
339.114020
176.554890
329.909920
504.696160
208.095970
322.016080
245.178470
526.750770
433.691210
424.440190
526.330610
597.425650
549.884510
399.185260
581.116870
530.314140
545.071340
486.329060
550.428410
568.222230
