-1.208054 7.671141 0.134564 0.468456 604.362416
54.362416 2.268456 0.205034 0.931544 781.543624
-0.402685 7.154362 0.350000 0.516779 692.953020
-51.140940 6.073826 0.275503 0.810738 694.966443
-59.194631 2.597315 0.174832 0.460403 580.201342
-57.583893 1.704698 0.327852 0.476510 624.496644
42.281879 8.000000 0.255369 0.995973 765.436242
52.751678 2.362416 0.124497 0.569128 827.852349
-8.456376 3.536913 0.176846 0.685906 644.630872
51.140940 1.422819 0.086242 0.734228 783.557047
2.818792 6.684564 0.265436 0.456376 735.234899
-48.724832 1.563758 0.136577 0.826846 680.872483
30.201342 2.127517 0.339933 0.762416 817.785235
40.671141 7.248322 0.215101 0.593289 703.020134
-54.362416 5.651007 0.140604 0.444295 787.583893
-2.013423 2.879195 0.110403 0.448322 628.523490
-5.234899 2.503356 0.160738 0.557047 815.771812
49.530201 7.859060 0.247315 0.484564 850.000000
-47.114094 3.020134 0.227181 0.987919 751.342282
-50.335570 5.181208 0.213087 0.875168 564.093960
51.946309 6.590604 0.070134 0.726174 809.731544
-2.818792 4.053691 0.285570 0.855034 731.208054
28.590604 2.926174 0.106376 0.903356 600.335570
-33.422819 3.348993 0.082215 0.601342 662.751678
-32.617450 1.000000 0.313758 0.677852 676.845638
23.758389 4.476510 0.058054 0.536913 618.456376
-31.006711 1.610738 0.211074 0.500671 622.483221
-26.174497 1.234899 0.225168 0.770470 797.651007
-28.590604 4.523490 0.273490 0.573154 558.053691
43.892617 3.818792 0.331879 0.625503 777.516779
-22.953020 5.087248 0.201007 0.657718 719.127517
-24.563758 7.718121 0.317785 0.806711 789.597315
59.194631 1.187919 0.297651 0.722148 592.281879
48.724832 2.738255 0.152685 0.774497 566.107383
13.288591 6.120805 0.064094 0.935570 811.744966
-55.973154 7.953020 0.162752 0.565101 698.993289
2.013423 1.798658 0.078188 0.589262 648.657718
39.060403 1.046980 0.253356 0.524832 568.120805
-25.369128 1.516779 0.112416 0.496644 711.073826
-19.731544 1.657718 0.337919 0.637584 578.187919
15.704698 4.946309 0.209060 0.520805 841.946309
6.845638 6.449664 0.062081 0.766443 779.530201
46.308725 3.161074 0.092282 0.472483 560.067114
-51.946309 5.791946 0.223154 0.544966 745.302013
47.114094 2.550336 0.301678 0.528859 839.932886
29.395973 1.986577 0.207047 0.738255 837.919463
-11.677852 6.731544 0.118456 0.480537 823.825503
-34.228188 6.167785 0.341946 0.432215 574.161074
10.067114 3.865772 0.233221 0.581208 705.033557
25.369128 1.375839 0.335906 0.436242 554.026846
47.919463 3.724832 0.261409 0.649664 606.375839
-44.697987 3.395973 0.229195 0.645638 715.100671
7.651007 3.771812 0.305705 0.718121 652.684564
19.731544 2.785235 0.102349 0.661745 825.838926
-4.429530 7.342282 0.281544 0.629530 584.228188
18.926174 3.583893 0.178859 0.452349 614.429530
60.000000 4.288591 0.158725 0.742282 674.832215
-26.979866 4.758389 0.188926 0.561074 602.348993
22.953020 7.577181 0.239262 0.488591 642.617450
-37.449664 2.409396 0.166779 0.899329 562.080537
-40.671141 3.302013 0.241275 0.428188 664.765101
39.865772 4.429530 0.311745 0.400000 672.818792
26.174497 1.469799 0.056040 0.665772 590.268456
-6.845638 1.939597 0.182886 0.818792 686.912752
26.979866 7.483221 0.148658 0.540940 763.422819
-36.644295 2.691275 0.325839 0.778523 737.248322
38.255034 5.463087 0.279530 0.706040 670.805369
34.228188 5.510067 0.104362 0.633557 847.986577
-18.120805 5.369128 0.074161 0.927517 723.154362
-58.389262 3.442953 0.084228 0.412081 570.134228
-13.288591 5.697987 0.190940 0.597315 805.704698
-41.476510 2.644295 0.128523 0.702013 773.489933
-56.778523 2.315436 0.146644 0.939597 785.570470
-18.926174 7.389262 0.130537 0.508725 701.006711
3.624161 1.093960 0.194966 0.782550 572.147651
-17.315436 2.221477 0.267450 0.963758 682.885906
-14.899329 5.744966 0.307718 0.891275 791.610738
-6.040268 5.416107 0.319799 0.609396 771.476510
-27.785235 4.006711 0.168792 0.919463 743.288591
44.697987 1.328859 0.231208 0.464430 707.046980
-10.872483 5.040268 0.172819 1.000000 656.711409
35.838926 4.664430 0.196980 0.907383 658.724832
1.208054 4.241611 0.144631 0.911409 795.637584
32.617450 3.912752 0.184899 0.867114 801.677852
5.234899 7.624161 0.219128 0.613423 799.664430
9.261745 1.751678 0.315772 0.967785 638.590604
43.087248 7.201342 0.138591 0.834899 757.382550
41.476510 5.932886 0.126510 0.802685 596.308725
0.402685 3.255034 0.060067 0.532886 552.013423
10.872483 4.382550 0.345973 0.730201 835.906040
-21.342282 5.322148 0.192953 0.975839 821.812081
-39.060403 4.570470 0.271477 0.714094 612.416107
-52.751678 6.543624 0.154698 0.424161 650.671141
-38.255034 1.140940 0.068121 0.673826 678.859060
56.778523 2.973154 0.321812 0.814765 586.241611
-43.892617 4.852349 0.347987 0.790604 803.691275
17.315436 1.845638 0.333893 0.585235 807.718121
55.167785 5.557047 0.291611 0.492617 727.181208
4.429530 4.617450 0.245302 0.923490 654.697987
14.093960 5.838926 0.299664 0.822819 594.295302
22.147651 4.899329 0.303691 0.915436 845.973154
-16.510067 6.355705 0.203020 0.794631 829.865772
-49.530201 2.456376 0.293624 0.754362 632.550336
-15.704698 3.208054 0.323826 0.504698 666.778523
8.456376 2.033557 0.277517 0.440268 709.060403
14.899329 6.026846 0.186913 0.553020 582.214765
-14.093960 4.805369 0.142617 0.408054 749.328859
24.563758 2.080537 0.198993 0.830872 733.221477
-39.865772 7.812081 0.164765 0.420134 556.040268
-3.624161 1.892617 0.237248 0.617450 769.463087
-35.838926 6.214765 0.050000 0.653691 775.503356
50.335570 5.604027 0.251342 0.416107 630.536913
57.583893 3.489933 0.263423 0.959732 833.892617
31.812081 6.919463 0.289597 0.851007 819.798658
55.973154 3.677852 0.072148 0.750336 721.140940
-31.812081 6.637584 0.170805 0.887248 634.563758
33.422819 4.194631 0.283557 0.846980 636.577181
-10.067114 3.067114 0.156711 0.863087 616.442953
-22.147651 3.114094 0.066107 0.955705 668.791946
27.785235 4.147651 0.116443 0.689933 640.604027
-20.536913 5.275168 0.221141 0.798658 660.738255
45.503356 4.100671 0.180872 0.621477 767.449664
36.644295 2.174497 0.122483 0.943624 717.114094
21.342282 5.134228 0.094295 0.883221 739.261745
-43.087248 6.778523 0.257383 0.548993 843.959732
-23.758389 4.335570 0.088255 0.758389 588.255034
-12.483221 3.630872 0.108389 0.605369 761.409396
-45.503356 7.013423 0.217114 0.971812 793.624161
11.677852 5.228188 0.054027 0.842953 620.469799
-7.651007 7.107383 0.114430 0.641611 759.395973
37.449664 6.496644 0.090268 0.404027 831.879195
18.120805 7.060403 0.287584 0.879195 688.926174
6.040268 6.261745 0.259396 0.710067 753.355705
-9.261745 2.832215 0.309732 0.838926 610.402685
-29.395973 6.825503 0.052013 0.693960 684.899329
-53.557047 4.711409 0.132550 0.746309 725.167785
31.006711 1.281879 0.295638 0.681879 729.194631
58.389262 3.959732 0.150671 0.895302 608.389262
-30.201342 6.872483 0.269463 0.577181 646.644295
-60.000000 7.295302 0.329866 0.786577 747.315436
-47.919463 6.308725 0.120470 0.871141 813.758389
-55.167785 7.765101 0.343960 0.951678 713.087248
20.536913 7.906040 0.100336 0.669799 690.939597
12.483221 7.436242 0.080201 0.697987 576.174497
53.557047 5.979866 0.249329 0.859060 741.275168
-46.308725 7.530201 0.243289 0.512752 550.000000
-35.033557 6.402685 0.096309 0.983893 598.322148
-42.281879 6.966443 0.076174 0.991946 696.979866
35.033557 5.885906 0.098322 0.979866 626.510067
16.510067 4.993289 0.235235 0.947651 755.369128
 -0.606061 6.303030 0.146970 0.569697 819.696970
 11.515152 4.606061 0.131818 0.709091 707.575758
 -4.242424 3.757576 0.150000 0.951515 804.545455
 -51.515152 3.969697 0.286364 0.812121 850.000000
 16.363636 4.676768 0.271212 0.648485 786.363636
 -39.393939 5.171717 0.140909 0.466667 834.848485
 41.818182 4.111111 0.171212 0.939394 656.060606
 -56.363636 6.020202 0.195455 0.903030 704.545455
 3.030303 2.343434 0.334848 0.654545 677.272727
 -32.121212 4.464646 0.095455 0.472727 734.848485
 4.242424 1.282828 0.168182 0.593939 553.030303
 -35.757576 7.363636 0.137879 0.563636 765.151515
 30.909091 7.787879 0.128788 0.981818 774.242424
 40.606061 7.575758 0.077273 0.733333 813.636364
 -58.787879 7.717172 0.165152 0.521212 565.151515
 -1.818182 3.050505 0.159091 0.818182 692.424242
 24.848485 6.797980 0.231818 0.618182 795.454545
 50.303030 5.525253 0.183333 0.557576 701.515152
 -46.666667 2.767677 0.225758 0.757576 568.181818
 -15.151515 7.292929 0.134848 0.721212 640.909091
 55.151515 4.252525 0.177273 0.436364 668.181818
 -3.030303 7.646465 0.101515 0.806061 574.242424
 -47.878788 7.151515 0.277273 0.509091 659.090909
 -9.090909 2.979798 0.322727 0.957576 746.969697
 -30.909091 2.131313 0.053030 0.921212 762.121212
 -5.454545 3.828283 0.089394 0.412121 586.363636
 -7.878788 4.181818 0.292424 0.727273 619.696970
 -29.696970 1.919192 0.289394 0.751515 716.666667
 -27.272727 4.888889 0.104545 0.854545 710.606061
 45.454545 3.545455 0.098485 0.442424 631.818182
 -22.424242 7.505051 0.310606 0.696970 583.333333
 9.090909 5.737374 0.189394 0.872727 780.303030
 60.000000 3.686869 0.243939 0.896970 625.757576
 49.090909 4.535354 0.180303 0.460606 789.393939
 15.151515 6.444444 0.337879 0.424242 550.000000
 -20.000000 1.353535 0.065152 0.454545 743.939394
 5.454545 6.656566 0.162121 0.624242 680.303030
 38.181818 8.000000 0.253030 0.848485 646.969697
 -24.848485 3.474747 0.125758 0.612121 756.060606
 53.939394 1.212121 0.240909 0.975758 783.333333
 -11.515152 1.565657 0.222727 0.745455 637.878788
 7.878788 5.030303 0.234848 0.430303 828.787879
 -60.000000 6.585859 0.192424 0.490909 843.939394
 -12.727273 3.616162 0.056061 0.763636 713.636364
 46.666667 5.313131 0.113636 0.551515 840.909091
 29.696970 1.424242 0.201515 0.715152 816.666667
 -49.090909 3.262626 0.071212 0.539394 613.636364
 22.424242 2.555556 0.237879 0.987879 577.272727
 12.727273 7.010101 0.186364 0.775758 622.727273
 26.060606 4.040404 0.246970 0.672727 674.242424
 47.878788 7.434343 0.204545 0.769697 589.393939
 -44.242424 1.989899 0.274242 0.836364 628.787879
 6.666667 6.939394 0.062121 0.915152 728.787879
 20.000000 1.777778 0.122727 0.503030 750.000000
 -6.666667 2.272727 0.080303 0.866667 592.424242
 21.212121 1.636364 0.259091 0.642424 595.454545
 58.787879 4.393939 0.198485 0.581818 846.969697
 -28.484848 2.202020 0.083333 0.660606 810.606061
 23.636364 1.494949 0.343939 0.787879 604.545455
 -38.181818 1.141414 0.331818 0.606061 598.484848
 -41.818182 6.373737 0.265152 0.793939 650.000000
 39.393939 3.404040 0.153030 0.933333 737.878788
 28.484848 2.060606 0.050000 0.600000 725.757576
 35.757576 7.080808 0.301515 0.484848 653.030303
 27.272727 6.161616 0.283333 0.890909 665.151515
 -36.969697 2.696970 0.107576 0.963636 559.090909
 36.969697 2.484848 0.068182 0.860606 634.848485
 33.333333 7.929293 0.116667 0.496970 719.696970
 -55.151515 2.909091 0.119697 0.448485 671.212121
 -18.787879 5.454545 0.328788 0.478788 792.424242
 -16.363636 5.666667 0.219697 0.678788 777.272727
 -43.030303 3.898990 0.207576 0.545455 798.484848
 -53.939394 2.838384 0.086364 0.830303 807.575758
 -52.727273 3.191919 0.216667 0.575758 643.939394
 52.727273 3.333333 0.350000 0.703030 689.393939
 -17.575758 4.959596 0.174242 0.878788 607.575758
 -10.303030 1.707071 0.313636 0.927273 562.121212
 1.818182 1.070707 0.304545 0.969697 759.090909
 -26.060606 5.383838 0.262121 0.636364 662.121212
 44.242424 5.949495 0.213636 0.781818 753.030303
 0.606061 5.808081 0.280303 0.406061 695.454545
 -13.939394 7.858586 0.307576 0.690909 683.333333
 10.303030 1.000000 0.268182 0.587879 731.818182
 34.545455 2.626263 0.110606 0.684848 768.181818
 13.939394 6.232323 0.295455 0.842424 825.757576
 56.363636 6.515152 0.316667 0.800000 610.606061
 51.515152 1.848485 0.059091 0.527273 616.666667
 -40.606061 5.242424 0.156061 0.739394 580.303030
 -21.212121 2.414141 0.298485 0.400000 571.212121
 57.575758 3.121212 0.228788 1.000000 831.818182
 -33.333333 6.868687 0.092424 0.533333 686.363636
 -57.575758 6.090909 0.340909 0.884848 771.212121
 -45.454545 4.818182 0.346970 0.630303 698.484848
 32.121212 5.878788 0.325758 0.666667 722.727273
 18.787879 4.747475 0.256061 0.993939 601.515152
 -34.545455 4.323232 0.074242 0.909091 801.515152
 43.030303 5.595960 0.319697 0.945455 556.060606
 17.575758 7.222222 0.143939 0.824242 740.909091
 -50.303030 5.101010 0.250000 0.418182 822.727273
 -23.636364 6.727273 0.210606 0.515152 837.878788
