0.082791
0.311867
0.087924
0.029227
0.039722
0.045366
0.539222
0.302900
0.059649
0.232857
0.459084
0.033013
0.321662
0.077751
0.459621
0.089607
0.376089
0.616366
0.327833
0.038327
0.490592
0.288291
0.032012
0.030429
0.074760
0.035235
0.066288
0.244214
0.067312
0.426148
0.185306
0.653549
0.041840
0.039356
0.547521
0.047420
0.087453
0.069080
0.118924
0.074268
0.530001
0.590935
0.048681
0.380188
0.344800
0.302494
0.623066
0.065868
0.119321
0.084737
0.034349
0.120449
0.060516
0.349204
0.067602
0.064837
0.014880
0.047314
0.046827
0.043999
0.046070
0.046508
0.055113
0.073958
0.550273
0.247471
0.025816
0.495882
0.192315
0.037973
0.570691
0.318578
0.311258
0.072116
0.084914
0.053100
0.579634
0.546478
0.339683
0.095672
0.032226
0.020998
0.512886
0.426931
0.705844
0.067416
0.455754
0.026074
0.099438
0.511508
0.533302
0.033952
0.025718
0.055659
0.031531
0.497109
0.313461
0.223630
0.045590
0.046140
0.526173
0.596713
0.032398
0.072032
0.156978
0.062251
0.453662
0.224217
0.065689
0.313951
0.488026
0.037153
0.406546
0.604491
0.121280
0.024071
0.031054
0.051076
0.024502
0.031545
0.032921
0.389806
0.099386
0.327920
0.581054
0.033832
0.393719
0.568716
0.029630
0.591238
0.501371
0.031603
0.540296
0.060856
0.018060
0.174004
0.180415
0.021212
0.037330
0.402656
0.517697
0.118827
0.028829
0.047667
0.336147
0.062518
0.022716
0.020924
0.019179
0.453085
0.659585
0.122083
0.469300
0.442588
0.508188
0.467917
0.018635
0.057224
0.083539
0.276121
0.089655
0.518914
0.601015
0.551105
0.047818
0.070177
0.606442
0.048645
0.040750
0.035242
0.024218
0.057737
0.028645
0.338317
0.264412
0.083967
0.058355
0.128905
0.084120
0.032877
0.047628
0.580019
0.020923
0.433201
0.102453
0.218470
0.051348
0.023363
0.345816
0.228989
0.075137
0.562003
0.511262
0.124102
0.463362
0.256748
0.027307
0.047479
0.039148
0.039860
0.030281
0.036663
0.277834
0.261283
0.058296
0.069941
0.432164
0.292325
0.065610
0.065739
0.023039
0.275802
0.161443
0.038674
0.025030
0.038253
0.027680
0.180312
0.025548
0.562370
0.561097
0.411886
0.333388
0.028812
0.028460
0.036318
0.073879
0.244081
0.037876
0.442800
0.106767
0.039508
0.190004
0.301804
0.614318
0.028064
0.034923
0.032475
0.085801
0.380496
0.023869
0.485673
0.056316
0.236111
0.036669
0.425016
0.045352
0.390479
0.486296
0.612425
